<?xml version="1.0"?>
<opencv_storage>
<svmType>C_SVC</svmType>
<kernel>
  <type>LINEAR</type></kernel>
<C>1.0000000000000001e-01</C>
<term_criteria><epsilon>2.2204460492503131e-16</epsilon>
  <iterations>500</iterations></term_criteria>
<var_count>19</var_count>
<class_count>2</class_count>
<class_labels type_id="opencv-matrix">
  <rows>2</rows>
  <cols>1</cols>
  <dt>i</dt>
  <data>
    1 2</data></class_labels>
<sv_total>1</sv_total>
<support_vectors>
  <_>
    6.57086144e-04 4.66368539e-04 3.55495376e-06 -2.13126870e-04
    1.95920747e-03 -1.20245095e-05 -1.01368023e-05 1.11737410e-02
    3.61711107e-04 1.17605457e-04 7.35463436e-06 3.70857510e-04
    -7.31747504e-03 -7.55401561e-03 2.60021607e-03 -9.49775393e-04
    1.06624123e-02 2.60021607e-03 7.82471267e-04</_></support_vectors>
<uncompressed_sv_total>5</uncompressed_sv_total>
<uncompressed_support_vectors>
  <_>
    14. 16. 2.99999993e-02 2.62237012e+03 5.01399994e+01 8.79999995e-01
    9.39999998e-01 177. 8.43000031e+00 8.77000046e+00 6.39999986e-01
    8.55000019e+00 85. 123. 152. 17. 112. 152. 12.</_>
  <_>
    19. 18. 5.00000007e-02 2.92255005e+03 6.40400009e+01 7.59999990e-01
    7.79999971e-01 2.46500000e+02 1.04399996e+01 8.56000042e+00
    6.89999998e-01 1.14200001e+01 69. 94. 207. 5. 170. 207. 17.</_>
  <_>
    17. 17. 3.99999991e-02 3.06362988e+03 5.63800011e+01 8.79999995e-01
    9.70000029e-01 2.22500000e+02 10. 9. 6.89999998e-01 9.43000031e+00
    60. 87. 217. 5. 184. 217. 17.</_>
  <_>
    15. 14. 1.99999996e-02 2.75088989e+03 4.99000015e+01 8.60000014e-01
    8.60000014e-01 1.70500000e+02 8.35999966e+00 7.48999977e+00
    6.39999986e-01 8.61999989e+00 121. 143. 231. 6. 121. 231. 12.</_>
  <_>
    15. 15. 2.99999993e-02 3.86512988e+03 5.07299995e+01 8.89999986e-01
    9.49999988e-01 1.81500000e+02 8. 7.90999985e+00 6.80000007e-01
    8.55000019e+00 114. 131. 222. 5. 124. 222. 15.</_></uncompressed_support_vectors>
<decision_functions>
  <_>
    <sv_count>1</sv_count>
    <rho>2.9735767571336056e+00</rho>
    <alpha>
      1.</alpha></_></decision_functions>
</opencv_storage>
